0   10	2	40	48	69	41	52	88	94
10	0	10	43	2	63	32	52	48	9
2	10	0	15	100	76	2	33	16	29
40	43	15	0	92	42	3	25	89	52
48	2	100	92	0	92	92	75	17	40
69	63	76	42	92	0	56	92	52	48
41	32	2	3	92	56	0	19	50	53
52	52	33	25	75	92	19	0	74	30
88	48	16	89	17	52	50	74	0	49
94	9	29	52	40	48	53	30	49	0